2
3	0
20	1
20	1
3	0

-0.0626441	-0.0701519	-0.053271	0.0377339	0.0340455	0.0583384	0.115272	-0.130225	-0.0612117	0.146086	0.0443352	0.0659705	0.0919396	0.00525864	0.0738187	0.0166705	-0.0462508	0.0518008	-0.0909085	-0.127455	
-0.0931625	-0.208742	-0.164177	0.172364	-0.0367235	0.824214	-0.286242	0.0681953	-0.0780976	-0.160401	-0.105741	0.249891	0.450912	0.151416	-0.243171	0.409114	-0.255482	-0.0600675	0.0432078	0.147791	
0.128571	-0.487324	-0.256763	-0.297315	0.0077908	-1.07417	0.131256	-0.171007	-0.0331217	-0.147181	-0.20541	-0.365838	1.1246	-0.297426	-0.111129	0.198953	-0.143454	0.0264845	-0.0987035	-0.0236959	
0.668509	-0.613783	0.27795	0.454895	0.211745	1.14617	-0.793725	-0.303289	0.662985	0.491027	-0.303145	0.44222	1.3001	-0.687933	0.842393	0.705415	-0.540185	-0.525432	0.453571	-0.636503	

0.0873161	-0.435668	0.125604	1.72579	0.526432	-0.42824	-0.237572	-0.377924	0.184985	0.115315	-0.392909	0.193101	-0.197573	-0.40312	0.106098	-0.0480928	0.692678	0.713943	-0.336943	-0.514793	
0.443291	-0.359529	-0.577842	-0.282255	-0.112791	-0.210176	0.396179	-0.521092	0.465744	0.052115	-0.313906	-0.333041	0.500954	0.504672	0.219783	0.212524	-0.0520011	-0.627919	0.427708	-0.0912246	
-0.495307	0.0100133	-0.350101	0.237493	0.209976	0.364891	-0.0605394	0.504793	-0.0323014	0.245365	0.0464342	-0.354281	0.752012	-0.15423	0.207418	0.278919	0.0119163	-0.222862	-0.488033	-0.761125	
-0.0077051	-0.0569476	0.494151	-0.235542	0.514457	-0.994023	-0.140633	0.190239	0.640652	0.8873	0.288243	0.644802	0.736853	-0.3748	0.375456	0.156497	-0.183094	0.324406	0.1418	-0.807037	
0.291193	0.108049	0.112309	-0.0141901	-0.428392	1.20703	0.35188	-0.0342305	-0.458948	-0.89488	0.42602	0.319601	0.849442	-0.231881	0.0239536	-0.0941229	0.0359763	-0.468737	0.309884	0.387063	
0.0688917	0.393802	-0.166163	0.232523	0.152782	1.86168	0.282001	0.147656	-0.186723	0.460913	-0.115104	0.231782	0.113288	-0.0689534	1.03817	-0.0822174	-0.184547	0.318999	-0.109669	0.0138674	
-0.0679921	0.705889	0.185205	-1.21254	-0.00416828	0.149657	0.0893642	-0.570191	-0.0667157	0.45602	-0.153455	0.0268142	-0.196692	0.647133	0.640174	0.171441	-0.268489	-0.292829	0.942522	0.370195	
0.0336882	1.00714	0.0529491	0.105922	-0.267112	0.394275	-0.629898	-0.0550127	-0.115749	-0.487768	0.404224	0.636042	0.779603	-0.241667	0.0101978	-0.0379272	-0.402343	0.433391	-0.0174418	0.134361	
0.133418	-0.247607	0.779685	1.17245	0.266937	-0.085162	0.0319092	0.257342	0.132561	0.241621	-0.0463464	0.138629	0.164158	-0.720521	-0.355713	0.664519	0.539615	-0.256174	-0.120291	0.195054	
0.180564	0.615135	-0.469035	0.341793	-0.393416	0.821626	0.274747	0.185298	-0.200445	-0.0201834	0.120956	0.200521	0.422737	0.246616	0.273775	0.31438	-0.682991	-0.159844	0.000348967	-0.0714841	
0.372615	0.577597	-0.376798	-1.15697	-0.106722	0.36967	0.5916	0.0723523	-0.320502	-1.16454	0.47303	-0.338771	0.429851	-0.43952	0.118641	0.242343	-0.263493	-0.410049	0.235613	0.582018	
0.413304	1.11154	-0.168207	-0.882889	-0.378241	-0.919445	-0.183714	-0.461358	0.728588	0.837071	0.21421	-0.231674	-0.109045	0.0961651	-0.0991215	0.255655	-0.362437	0.246618	-0.270958	0.087343	
0.022522	0.309157	0.168267	0.350963	0.0123977	1.40901	-0.39868	-0.244611	-0.911388	-0.283113	0.021747	-0.599858	-0.873645	-0.0163344	0.494737	-0.545824	0.115578	0.587554	0.33387	0.036295	
0.0561386	0.0328387	0.0353804	0.106423	-0.492646	-1.38639	0.44433	-0.255586	0.0396918	0.981732	-1.07563	0.322566	-0.386738	-0.0237958	-0.670569	0.119913	-0.614372	-0.420499	0.307951	0.246349	
0.297848	0.368118	0.611074	0.625432	0.376371	0.911568	-0.4633	0.230686	0.10833	-1.05435	0.19051	-0.187848	0.779943	0.171339	-0.281795	0.500607	-0.214744	0.460133	-0.0316037	-0.236515	
0.654372	0.170211	-0.332608	0.256535	0.204318	0.939085	-0.0660102	-0.50427	-1.0129	0.222437	-0.483801	0.287284	-0.076768	-0.250579	0.338319	-0.549305	-0.239213	-0.0669028	0.200929	-0.330412	
0.377299	0.0789036	-0.308502	-0.158163	-3.42976e-05	0.778478	-0.182198	0.238128	0.56271	0.523176	0.502925	-0.211511	-0.0696809	0.748082	0.212744	-0.590206	-0.277291	-0.38547	0.160823	0.635442	
0.446039	-0.0568418	-0.612853	-1.40086	-0.475414	0.272136	0.628329	-0.558785	0.208976	0.249707	0.375499	-0.107239	-0.256377	-0.137036	0.346466	-0.644937	0.0337688	-0.279595	0.438205	0.845556	
0.287041	0.0894836	0.11666	0.854994	-0.20778	-0.124204	0.143267	-0.0414052	-0.373764	-0.180849	-0.367877	-0.218872	-0.835162	0.410065	0.116301	-0.374896	-0.380937	-0.355354	-0.498799	0.202803	
-0.53331	0.45438	0.596023	-0.360964	0.00862966	-2.02861	-0.0195735	0.662127	0.71164	-0.000783528	-0.0188882	0.241748	0.0405379	-0.442779	-0.356192	0.921762	-0.0767103	0.228055	0.468091	-0.276391	
0.264982	-0.0368529	-0.170843	0.351602	0.481002	-0.122559	-0.315667	-0.0569541	-0.24686	-0.521854	0.347858	0.708853	0.730136	0.128746	0.434946	0.234562	0.206757	0.385435	-0.566525	-0.16922	

-1.43542	0.459696	0.640868	
-0.325852	-0.795653	0.459807	
1.17239	-0.621402	0.300377	
1.16851	-0.229331	-0.31012	
1.03442	-0.0825234	0.389597	
-1.12382	0.104964	0.245127	
-1.18212	0.0117927	-1.52297	
1.50321	0.594175	0.578727	
0.950587	0.532897	1.5977	
0.169756	-1.89763	1.39579	
-0.509263	2.49184	0.145815	
0.954738	0.538411	0.500891	
0.412064	0.946855	1.20172	
-0.986191	0.715571	0.299449	
-0.882394	-1.25185	0.943275	
1.04945	0.154036	1.76767	
1.11812	0.429792	-0.913537	
1.12589	0.289714	0.343674	
-1.0903	-0.666452	0.159998	
-1.08146	-0.47831	-0.0521425	
0.13796	-0.301633	-0.206235	
