2
3	0
20	1
20	1
3	0

-0.0234736	0.0346827	-0.111711	0.162778	0.076337	0.150574	0.0774818	0.0402613	-0.0630711	0.0783655	0.167952	-0.119904	-0.065122	-0.0415315	-0.0761925	0.118227	-0.0668705	-0.0219164	0.110109	-0.0637952	
0.366818	-0.344743	0.470035	0.515462	0.380776	-0.0450856	-0.134838	-0.0394016	0.41139	0.102849	-0.0390879	-0.00743913	-0.454405	-0.198854	0.315059	0.410973	-0.31394	-0.0312383	0.084411	-0.157054	
0.359631	0.191677	0.0394819	-0.737855	0.407473	-0.0688808	0.193563	-0.239033	0.0752855	0.429775	-0.113634	0.249943	-0.483889	0.119907	0.0387491	-0.48353	-0.190663	0.183633	1.22545	0.498473	
0.694318	-0.638319	-1.41166	1.32513	-0.160294	1.1071	-0.50565	0.365225	-0.787451	0.0549294	-1.28854	-1.03242	-0.796429	0.264769	-0.001709	1.54507	1.10196	0.486629	1.15621	0.337449	

-0.557668	-0.163795	0.00100753	0.249376	0.569055	0.525204	-0.0849874	0.211811	-0.453769	-0.185362	-0.527213	0.529734	0.775193	-0.905211	-0.193791	-0.636832	0.0501179	0.51005	-0.280827	0.425459	
-0.334239	0.556808	-0.8894	-0.132836	0.276736	-0.530679	0.456356	0.163702	0.670148	-0.0444754	-0.0488835	-0.795099	-0.59238	0.324603	-0.189983	0.685385	-0.627612	-0.460484	-0.0831836	-0.151215	
-0.397974	0.188645	1.3895	-0.371575	0.838338	-0.428805	0.286246	-0.0789153	0.0938878	0.240023	0.176014	-0.512804	-0.223273	0.360493	0.952103	-0.253392	-0.0957453	0.391123	0.43466	-0.000507592	
-0.328066	0.831094	-0.442594	-0.271463	0.597325	-0.176329	0.127959	0.401698	0.392295	0.00927509	-0.275268	0.633819	-0.115447	0.101692	0.657586	0.198232	0.111783	-0.348033	0.736659	-0.0223121	
0.0213686	-0.531472	-0.0202594	0.00475666	0.210688	-0.194783	-0.0609333	0.418262	0.0549183	-0.0867439	1.11551	-0.746363	0.0628666	0.424208	-0.151932	-0.017016	0.244694	-0.249283	-0.0677988	-0.417954	
-0.579475	-1.53285	-0.336658	0.0892239	0.305772	-0.18985	-0.291619	-0.483717	0.0999352	-0.651546	0.100985	0.238406	0.302813	-0.103348	-0.181454	-0.0824907	-0.11688	-0.160008	-0.50907	-0.04976	
0.515933	-0.291622	0.967321	-0.161646	-0.207589	-0.508124	-0.781735	0.337726	0.397008	-0.596648	0.0432876	-1.04515	-0.282642	0.558518	-0.139119	0.674408	-0.0309544	-0.621106	0.700552	-1.22951	
0.486136	0.282667	0.230229	-0.269586	0.318139	0.331647	0.22831	-0.307405	-0.0263812	0.416995	0.0250335	-0.035786	0.238697	-0.509915	-0.264157	-0.685973	0.722217	0.121874	0.834581	0.487299	
-0.121881	-0.219473	0.606163	0.617498	0.96103	-0.655848	0.0845807	0.213527	0.0544149	0.176374	-0.00870484	-0.378259	-0.348518	0.105562	-0.465042	-0.273816	0.00732458	-0.318658	0.629562	-0.568406	
-0.559479	0.0258573	-0.448591	-0.463233	0.140854	0.323911	-0.232234	-0.170609	-0.287381	0.0925219	0.125598	-0.279706	0.323336	-0.0444662	0.591126	-0.381482	-0.44671	0.00238643	0.131872	-0.292508	
0.107609	0.108732	0.366681	-0.0678468	-0.477573	-0.101031	0.140516	-0.131042	-0.355766	-0.0679301	0.213026	-1.35345	-0.0935553	-0.0662	-0.198505	0.211012	0.524183	0.316274	-0.60197	-1.8539	
-0.979047	0.011656	-1.61663	-0.460936	0.561782	0.492737	0.316482	0.485956	0.0839296	-0.189353	0.195337	0.0398798	0.238844	-0.397919	-0.0291632	0.215638	0.519477	0.0598117	0.174543	-0.0842396	
-0.32691	0.789963	-1.0268	-0.850189	-0.62997	-0.394845	-0.188996	0.207042	-0.00915003	0.321526	-0.000622803	0.366847	-0.0151838	-0.462516	-0.273957	0.273673	-0.115476	-0.418016	0.432264	-1.14589	
-1.0975	0.42337	-0.124696	-0.717385	-0.660401	0.479775	-0.402079	0.180214	-0.614543	-0.0725092	-0.191814	-0.12015	0.0888055	-0.551679	0.97338	-0.447139	0.203084	0.150347	-0.58081	0.135158	
-0.00810787	-0.271106	0.711154	-0.390697	-0.200795	0.0892413	-0.0516917	0.584318	0.151961	0.324281	-0.487282	0.626503	0.613204	-0.596586	0.694563	0.116342	0.736457	0.317855	0.332264	0.357393	
1.08074	-0.995993	1.27312	0.116519	-0.0208933	-0.574839	0.0647007	-1.02556	0.663239	0.020816	-0.053074	0.168774	0.461086	0.0439461	-0.372995	0.215664	-0.59872	0.270826	-0.0252688	0.838278	
0.363556	-0.315231	0.249777	-0.392508	0.15694	0.483276	-0.742917	0.28827	0.0135261	0.531595	-0.154069	0.897534	-0.257545	-0.30263	0.229443	-0.565536	-0.233632	-0.230902	0.098482	-0.20282	
-0.0533428	0.0693933	0.0775945	-0.694901	-0.193905	-0.24159	-0.658449	0.286369	-0.440873	0.311309	-0.2439	0.251356	0.0688425	0.0624125	-0.273869	-0.884373	0.477972	0.155704	-0.354842	0.54211	
-1.09794	-0.90385	0.0574829	-0.0961865	-0.392061	0.65461	0.0517344	-0.127922	0.235624	-0.210168	-0.271189	0.138792	0.0383143	-0.20527	0.462123	-0.841518	-0.346683	-0.045933	-0.23823	-0.394481	
-0.183042	0.607654	-0.173004	-0.0769615	-0.0339992	0.657972	-0.804929	-0.0834278	-0.19789	0.249078	0.0218806	0.374651	-0.387851	-0.243022	0.203192	0.432344	0.450615	0.142696	-0.867271	1.62943	
0.174839	-0.205485	0.146141	-0.472225	-0.322278	-0.0781152	-0.412356	-0.0673215	-0.664071	0.260244	-0.54783	0.213719	0.559254	0.126063	-0.0202061	0.149562	0.307908	0.0607175	0.116456	0.666319	

0.297489	0.238397	2.09632	
1.2278	-0.0338026	0.0873804	
-0.851017	-1.41109	0.0582856	
-0.901632	-0.923237	-0.0945419	
-0.230679	-1.25596	-0.0423452	
0.808625	-0.803922	-0.0232447	
-0.975037	-0.478047	-0.44094	
1.34992	-0.188289	0.460776	
-0.865612	-0.0174387	0.359213	
1.25904	-0.462392	1.39489	
-0.975888	-0.0122203	-0.534156	
0.984196	0.147477	0.16028	
0.921694	0.572963	0.342406	
-0.884983	-0.527549	-0.268678	
0.963545	-0.414462	-0.981173	
-1.06267	-0.381232	0.128103	
0.997361	-0.132025	-0.278045	
1.30241	0.225412	0.256947	
0.984804	-0.400467	0.518349	
1.00457	-0.193829	-0.378131	
0.330876	0.539987	0.305383	
