2
3	0
20	1
20	1
3	0

-5.16889e-05	5.9336
-3.56275e-05	0.930212
-0.114185	0.475317
6	3.46365
1.99998	1.15325
1.49997	0.864103

0.329697	0.0293556	-0.248057	-0.416006	-0.440587	-0.139355	0.322065	0.040818	-0.444816	0.31724	-0.0712989	-0.322267	0.372895	0.480618	0.0284426	-0.196601	-0.273789	-0.475243	-0.214936	0.0840871	
0.35581	-0.0345088	-0.388184	0.35523	0.110741	-0.0698152	-0.415912	0.411911	-0.0512411	-0.464543	-0.330035	-0.0909456	0.310918	-0.357839	-0.695666	-0.27369	-0.304362	-0.218712	-0.532265	0.383946	
0.33984	-0.633842	-0.460942	-0.393822	0.0395263	-0.737916	0.165948	0.253505	0.220269	-0.32536	-0.575385	-0.13399	0.29498	0.133213	-0.115652	-0.145355	-0.188014	0.584601	0.398527	0.324832	
0.513972	-0.147141	-0.0836248	-0.527375	0.151994	-0.36927	-0.366048	0.34583	0.280565	0.241866	0.300142	-0.0714598	0.685366	0.509224	-0.189491	-0.72886	0.123826	-0.651683	-0.22392	-0.497858	

-0.35235	0.149525	0.248425	0.321787	-0.325659	0.657992	-0.379548	0.311562	0.37657	0.303395	0.328303	-0.336819	-0.211588	0.22124	-0.391517	0.110992	0.0185629	-0.313037	0.271016	0.231401	
0.0732117	-0.00578603	0.490122	0.441427	0.171224	0.0709791	0.280424	-0.304719	-0.0586739	0.243806	-0.421362	0.460822	0.203064	0.203773	-0.39835	0.1693	0.210278	-0.381725	0.321326	-0.188316	
-0.195261	-0.0131717	0.0662825	0.534507	-0.240564	-0.248214	-0.245135	-0.361581	-0.0853139	0.276566	-0.385368	0.225429	0.0580912	-0.165965	0.163478	0.522643	-0.622751	0.196421	0.129632	-0.0726013	
0.576203	-0.491547	0.0800364	0.0660918	0.0130334	0.117489	-0.0533052	-0.276328	-0.0929878	0.228488	-0.150413	0.227317	0.11473	0.0715832	-0.303733	-0.203533	-0.788513	-0.186982	0.571216	0.0162756	
-0.951111	-0.137647	0.388005	0.440497	0.254613	-0.563716	0.00829794	-0.0473688	-0.026104	0.0204853	0.277976	0.180831	0.328893	-0.0337486	0.292944	0.0746088	0.0860599	-0.0832398	-0.219015	0.150444	
0.187775	-0.34662	0.607558	0.246635	0.292049	0.350141	0.292367	0.331227	0.392402	0.31486	0.0620761	0.111375	0.215573	0.288694	0.0930285	-0.0639623	-0.576702	0.249561	-0.143766	-0.249977	
0.42492	0.454746	-0.222655	0.0607727	-0.370661	-0.0970058	0.116493	0.438188	-0.295241	0.337816	0.328561	-0.0494986	-0.140296	-0.110588	0.475482	-0.155719	-0.236959	-0.463337	-0.00376989	0.355238	
0.126652	-0.269365	0.250635	0.307942	-0.246015	-0.10671	-0.378231	-0.187162	0.516574	-0.287962	0.149592	0.333444	-0.321254	-0.413661	0.203246	-0.090928	-0.240586	0.382731	0.322162	-0.0997246	
0.0694539	0.0534151	0.0408543	-0.524979	0.285296	-0.111134	0.390062	0.283952	0.145881	0.137335	0.443348	0.378941	-0.0225731	-0.48455	-0.228852	-0.173266	0.187808	-0.610397	0.304005	-0.416496	
0.570933	0.0709421	0.202459	0.34312	-0.15127	-0.440047	-0.197438	-0.370323	-0.408349	0.576413	-0.0693972	-0.343158	-0.390899	-0.437618	-0.359712	0.557063	0.170303	-0.485622	-0.413358	-0.104882	
-0.110525	-0.00177959	0.154225	0.561875	-0.156698	0.69901	0.306565	-0.197765	-0.0346119	0.0713765	-0.348911	-0.055264	-0.295667	0.114231	0.117679	0.030407	-0.438527	0.0835099	-0.166921	-0.573128	
-0.54652	-0.0444641	0.409866	0.352297	0.78277	-0.507007	-0.0357184	0.574021	0.547843	-0.17728	0.40564	0.357709	0.0503157	-0.458699	-0.568616	0.0499837	-0.771083	-0.0815001	-0.102457	0.0347412	
0.244626	0.0751504	0.355532	-0.0146998	0.234693	0.48192	-0.230027	0.06434	-0.089554	0.151826	-0.375208	-0.51518	0.475786	0.29774	-0.279543	0.302603	0.50422	0.0837497	0.295415	-0.32386	
0.163045	0.446821	0.496319	-0.331816	0.0834284	0.20662	-0.0334808	-0.568955	-0.195581	-0.0719635	0.452008	0.42562	-0.323647	-0.116215	-0.0435489	0.362278	-0.159115	-0.311922	-0.552701	-0.0731988	
0.0944909	-0.224712	0.254263	0.260319	0.153325	0.0416508	0.524751	0.137589	0.48018	-0.111448	-0.356454	-0.199089	0.630206	0.477507	0.0889038	0.158222	0.229998	-0.360286	0.157129	0.219975	
0.187181	-0.265791	-0.444947	0.41487	0.317438	-0.450164	0.292214	-0.320356	-0.200335	-0.283677	0.261655	0.136389	-0.148506	-0.3049	0.332022	-0.171179	-0.252542	0.134768	0.19402	0.165522	
0.0293837	0.422574	-0.457043	-0.377836	0.0121095	-0.40807	-0.101482	0.43617	0.146799	-0.232523	0.313354	-0.0201627	-0.314918	0.0984152	-0.14144	0.077972	-0.140592	0.265306	0.316945	-0.219203	
0.302142	-0.235184	-0.20965	-0.39553	-0.429611	-0.313695	0.403758	-0.35662	0.138897	-0.164932	0.294359	0.325604	0.249959	0.220684	-0.191656	-0.317945	0.304642	-0.101019	-0.217127	-0.315656	
-0.432361	0.192841	-0.356084	-0.502538	-0.563924	-0.427928	0.207031	-0.54792	0.347088	0.1269	-0.0110575	-0.0639398	0.423598	-0.195062	0.425659	0.254982	-0.176896	0.0386472	-0.11703	-0.0263891	
0.322844	0.227562	0.336289	-0.296719	0.379624	-0.045864	0.0131577	-0.187573	0.1843	-0.402355	0.209079	-0.349181	0.264502	0.39706	0.0536786	-0.281547	0.0530142	0.383317	-0.226554	0.247818	
-0.389578	0.373855	0.0532843	0.328097	-0.117913	0.513924	0.415547	0.12929	0.266345	0.428004	-0.400964	0.0543943	0.21354	0.209329	-0.0901339	0.214211	0.408077	-0.357322	-0.422929	-0.451583	

-0.554837	-0.43145	-0.0772827	
-0.0736718	0.355186	-0.0349872	
0.0969066	0.36792	0.392422	
0.114184	-0.0257609	0.302034	
-0.0643772	-0.154578	0.432256	
-0.411529	-0.5804	0.203234	
0.208116	0.536665	0.243348	
0.379165	-0.509013	0.106787	
0.353716	-0.266623	0.13049	
-0.335154	0.229978	0.0550575	
0.202384	0.057319	-0.555569	
0.379186	0.111983	0.374274	
0.0953602	0.386406	-0.544278	
-0.468501	-0.167341	0.0871476	
-0.382246	0.33889	0.138704	
0.337825	0.459745	0.157727	
0.0908091	-0.10244	-0.579082	
-0.318562	-0.359083	-0.264471	
0.592613	-0.705462	0.219759	
-0.0758832	0.193568	0.543911	
-0.361796	-0.202463	0.0184939	
